  -5.8645830e-01  -3.7630383e-01   1.8835135e+00  -1.2352003e+00  -2.6397801e+00
   1.2611486e-01  -6.0702997e-01   1.9379291e+00  -3.6918901e-01   1.5252305e+00
   6.2771115e-01  -1.0396602e-01   2.5426957e+00   1.1279554e+00   1.9140923e+00
   1.1553308e+00  -8.4246834e-01   1.6347726e+00  -5.8575830e-02   3.4921084e+00
   6.6688463e-01  -2.2082288e-01   1.2039571e+00  -3.2982708e-01   9.9768161e-01
   4.5502564e-01  -7.5460699e-01   1.6055057e+00   1.1519847e+00  -2.9606469e+00
  -2.8191391e-01  -4.5759943e-01   1.3087713e+00  -5.9477783e-01  -7.7900761e+00
   2.0699731e-01  -4.8115892e-01   9.7088050e-01   1.6663656e-01  -2.9491399e+00
   3.9906918e-01  -9.2014882e-02   9.8165070e-01   1.2210038e-01  -2.7411358e-01
   9.0818594e-01  -1.2450313e-01   1.1075452e+00   1.5293438e+00   5.6539620e+00
   1.5490558e+00  -1.5409614e-01   1.6474270e+00   6.0740942e-01   5.9738085e+00
   1.1653831e+00  -1.2591635e-03   3.4624670e-01   1.7695339e-01  -1.5095067e+00
   2.1447167e+00  -2.0120786e-01   1.4668477e+00  -1.1740493e+00  -6.2532002e+00
   8.9515066e-01  -8.1108116e-01   1.5505319e+00   1.1930122e+00  -2.2611409e+00
   1.2313795e+00  -5.9931287e-01   8.8696527e-01  -4.2849622e-01   2.1059748e+00
   9.8928551e-01  -9.4979900e-01   8.0935779e-01  -3.5385248e-01   2.8916098e+00
   7.6389458e-01  -1.2047884e-01   2.3681523e-01   9.3220101e-01   1.5654435e+00
   5.3564915e-01  -3.8018430e-01   9.2610699e-01   1.3041311e+00  -1.4967994e+00
   7.0373059e-01  -4.2814492e-01   4.5134873e-02  -6.2072472e-02   2.0983223e+00
  -2.7184731e-01  -4.5343071e-01   2.2128822e-01  -6.6103459e-01  -9.9412124e-01
  -7.3149799e-02  -6.2598291e-01  -4.2550175e-01   2.2821598e-01   1.7450745e+00
   3.6480711e-01  -1.0934795e+00   2.7383575e-01   7.1353669e-03   8.9658745e+00
   1.3229488e+00  -9.7940661e-01   1.5835624e+00  -1.0642273e+00   3.8814315e+00
   1.4894891e+00  -1.0121512e+00   8.2337472e-01   5.6185302e-01   2.0990576e+00
   2.3468996e-01  -8.0188086e-01   4.2319929e-01   1.2375584e-01  -3.6678325e-01
   1.5610770e+00  -7.9265893e-01   1.4652651e-01   5.5635405e-02   4.8465438e+00
   8.3226255e-02  -2.1831354e-01   6.5430543e-01   1.1507451e+00   1.0311417e+01
   2.9989115e-01  -7.1545953e-01  -2.1636877e-01   3.0034068e-01   6.6815305e+00
   7.5272554e-01  -4.1925960e-01   9.2984897e-02   1.1016534e-01   2.0586153e+00
   1.2118391e+00  -2.5724269e-01   8.7735833e-02  -2.0129944e-02  -9.5996157e-01
   5.0218076e-01   5.3651099e-01   4.6476774e-01  -7.5337311e-02  -3.2983208e+00
   5.7542694e-01   3.3051525e-01   1.2985961e-01  -1.1906043e+00  -2.2368426e-01
   1.1197711e+00  -4.3282935e-01   7.4603465e-03   8.7970462e-01  -1.8838482e+00
   7.0963768e-01  -8.0043503e-03   4.8299594e-01   8.0352999e-02   3.3426187e-02
   6.9224522e-01   8.1179241e-02   6.5151749e-01  -3.9750313e-01   1.2284414e+00
   1.3278670e+00   3.8328333e-01   6.0425538e-01  -8.4745596e-01  -4.0511148e+00
   7.4056290e-01   9.2376322e-01   3.4139322e-01  -1.2156172e+00  -4.2813708e+00
   1.0089013e+00   2.5148140e-01   1.0301334e+00   2.1977903e-01  -1.4231117e+00
   5.7826169e-01   3.8696436e-01   6.7672196e-02  -2.1685710e-01  -2.7684515e+00
   8.3052905e-01   5.7781440e-01   1.1796518e+00   1.2650951e-01   4.3490950e-01
   1.0433469e+00   5.2732414e-01   5.1993706e-01   1.0132921e+00   3.8425044e-01
  -2.0883150e-01   7.8798863e-01   5.2942319e-01   3.4183019e-01   7.2286351e+00
   2.1304054e-01   6.2362798e-02   1.0633952e+00   7.3448857e-01   5.6799524e+00
  -6.2215611e-01   4.2348834e-01   4.7309698e-01   3.4758299e-01  -6.9586734e-01
  -2.2499999e-01   1.5628469e-01   1.6538678e-01   3.1290347e-01   6.9029642e+00
  -1.0500169e-01   1.2990579e+00   1.8318643e-01   1.3221525e-01  -4.4331691e+00
  -1.4516920e-02   1.0202691e+00   5.3307945e-01  -3.2316442e-01   1.6353646e+00
   6.1395417e-01   4.5937514e-01   1.0895954e+00  -9.7600946e-01  -5.6856944e-01
  -9.9285276e-02   5.1618798e-01   4.1974184e-01  -8.3811235e-03   1.0515673e+01
  -3.6682099e-01   1.0209075e-01   6.3165720e-01  -5.6768414e-01   9.0585257e+00
   5.9284902e-01   7.5926606e-01  -2.4914673e-02  -5.0140474e-01  -4.3928207e+00
   2.8594127e-01   8.0690356e-01  -2.6211890e-01   4.8034936e-01   7.0341957e-02
   9.5388487e-01  -2.3790886e-01   6.0625662e-02  -3.5330447e-01  -3.1670562e+00
   4.8570891e-01   8.2679743e-01  -3.0713448e-01   5.0985579e-01   1.3814305e+00
   1.0283556e+00   3.6606683e-01  -1.9041357e-01   4.2134248e-01   3.8055940e+00
   1.3602071e-01   3.4263041e-01   3.9656594e-01  -7.4312370e-01  -1.0175405e+01
   4.8122672e-01  -2.5628382e-01  -5.8436001e-01   4.1890192e-01  -6.1195318e+00
   3.9550137e-01  -6.4993589e-01  -4.9442748e-01   5.3357183e-01   3.0768937e+00
  -1.5084455e-01  -2.0588404e-01  -8.4029483e-01  -4.6397675e-01   6.5500106e+00
   5.0051147e-02  -2.8255981e-01  -7.3653562e-01   6.0361199e-02   1.2780769e+00
  -4.3147798e-02  -9.0400262e-01  -4.4545223e-01  -1.1746581e-02   3.0761624e+00
   2.5991610e-01   2.7594366e-01  -2.2741668e+00   7.3279657e-02  -2.2689612e+00
  -1.9368585e-01   1.6213663e-01  -6.9601664e-01   7.1281926e-02   5.7560627e+00
  -1.5821314e-01   2.3775558e-01  -5.5671634e-01   2.2049081e-01   2.6405045e+00
  -5.2327807e-01   2.0075958e+00  -1.4971559e+00  -6.2239751e-01   5.8201761e-01
  -1.1354936e-01   5.2478897e-01  -2.5470415e-01   2.7246670e-01  -5.4821052e+00
  -3.1100162e-01   7.0874296e-01  -1.3104978e-02  -1.4085265e-01   3.1191206e+00
  -9.0557770e-01   9.6539867e-01  -1.6245295e+00   7.5911677e-01   4.4458014e+00
  -5.4866845e-01   3.0839086e-01  -3.4551764e-01  -3.1870900e-01   2.8287341e+00
  -1.5704497e-01   8.4564907e-02  -4.8181704e-01   5.9507415e-01   5.2155225e+00
  -7.0227865e-01   8.5573305e-01   1.9099158e-01   9.8421748e-01  -3.2071173e+00
  -4.5709475e-02   6.3216265e-01  -1.5457095e-02  -1.4599128e+00   2.3545261e+00
  -2.6221496e-01  -2.1631236e-01   5.5042269e-01   6.2794884e-01  -4.3576422e+00
  -4.1586874e-01  -4.5565229e-01  -4.4556714e-01   5.3528197e-01   3.1858987e+00
  -5.8121740e-01  -6.0041045e-01  -6.5264446e-01   1.5788627e-01  -1.0159092e+01
  -1.7395404e-01   4.2447626e-01   4.7557651e-01   9.1374978e-01   2.9999591e+00
   8.1854762e-01  -9.2415185e-02   6.0009194e-01  -2.5279517e-01   2.1610717e-02
   1.2643179e-01  -7.6012646e-03   4.0461739e-01   4.2786740e-01  -6.5503862e+00
  -5.9513622e-02   6.0540950e-01   5.2955905e-01   2.9018526e-02   4.5262746e+00
  -1.0328235e-01  -7.5044745e-03   8.4877586e-01  -3.6218308e-01  -2.4245459e+00
  -5.4948589e-01   7.8628662e-01   5.4382248e-01  -5.1168536e-01   9.1015641e+00
  -2.9776722e-01   8.3382335e-01   4.0072226e-01  -2.7470369e+00  -4.2522418e+00
  -1.9964219e-01   2.4500532e-01  -2.3018002e-01   7.2172178e-01   6.3236852e+00
  -1.8815958e-02   2.7111581e-01   3.2722859e-01   2.2336345e-01   5.6366770e+00
  -4.0161978e-01   2.8518541e-01  -3.1463546e-01   2.5783660e-01  -3.3811353e+00
   3.7141305e-03   7.0505332e-01  -6.6560343e-01  -4.1901588e-01   1.4878064e+01
   5.4342502e-01   6.5738662e-01  -5.0191852e-01  -5.2696813e-01   9.2392271e+00
   4.5207411e-01   2.7109635e-01  -4.3683383e-01  -3.4935570e-02  -8.1195208e-02
   3.6900278e-01   8.6435196e-01  -9.9328821e-01   2.3777851e-01  -3.1709974e+00
   6.8646934e-01   6.7751643e-01  -3.6522068e-01   6.8952012e-01  -5.9343471e+00
   3.6974530e-01   1.6115752e-01  -1.9781589e-01   4.6154027e-01   7.7934110e+00
  -4.1752601e-01   2.9217894e-01  -2.2237303e+00  -9.7210595e-02  -5.6769706e+00
  -4.2994143e-01   4.4258522e-01  -1.9188173e-01   6.6444229e-02   1.1022612e+01
  -7.8932242e-01  -5.3015318e-02  -1.7652082e-01  -6.4256146e-01  -1.4244898e+00
   1.9960928e-03   8.1392591e-02   4.9322555e-03  -4.1878063e-01   4.6029483e+00
  -4.7704013e-02   1.1414745e-01  -5.3320022e-01  -5.7203486e-01   6.4457960e+00
   2.6556784e-01   1.1472138e+00  -5.4845541e-01  -1.2373305e+00  -7.5267538e+00
  -9.8145217e-01   9.6767541e-01  -2.7287761e-01  -8.7739628e-01  -4.1765354e-01
  -6.1234846e-01   1.0731282e+00  -9.5416283e-01  -2.5716534e-01   1.8050070e+00
   2.4246549e-01   4.0421475e-01  -6.8857732e-01   7.5091933e-01  -2.5422721e+00
